[[ 0.206  0.206  0.206  0.206  0.206  0.206  0.206  0.206  9.659 10.103  8.062 11.146  0.962  1.693 11.102]
 [ 0.206  0.206  0.206  0.206  0.206  0.206  0.206 13.685  0.206 10.656  0.206  6.391  5.546 11.919  0.206]
 [ 0.206  0.206  0.206  0.206  0.206  0.206 12.37   2.502  0.206  0.206  8.903  0.206  5.164 12.288  1.595]
 [ 0.206  0.206  0.206  0.206  0.206  0.206 17.449  0.206 10.604  0.206  4.965  3.3    5.844  0.206 24.972]
 [ 0.206  0.206  0.206  0.206  0.206  0.206  4.368  3.965  6.342  8.177  8.872  0.683 20.405  1.692  5.748]
 [ 0.206  0.206  0.206  0.206  0.206  0.206  8.475 10.996  1.588  9.064  0.206  6.229  1.214 11.673  7.6  ]
 [ 0.206  0.206 12.37  17.449  4.368  8.475  0.206  7.606  3.14  13.436  6.375 27.148 52.213  4.519  7.397]
 [ 0.206 13.685  2.502  0.206  3.965 10.996  7.606  0.206 11.001  7.183  8.431  0.206 48.766  1.957 61.007]
 [ 9.659  0.206  0.206 10.604  6.342  1.588  3.14  11.001  0.206 10.486 12.612 29.588 25.504 34.984 28.823]
 [10.103 10.656  0.206  0.206  8.177  9.064 13.436  7.183 10.486  0.206  7.185 34.537 46.968 43.225 51.362]
 [ 8.062  0.206  8.903  4.965  8.872  0.206  6.375  8.431 12.612  7.185  0.206  0.206 37.154 45.594 17.498]
 [11.146  6.391  0.206  3.3    0.683  6.229 27.148  0.206 29.588 34.537  0.206  0.206  0.206  0.206  0.206]
 [ 0.962  5.546  5.164  5.844 20.405  1.214 52.213 48.766 25.504 46.968 37.154  0.206  0.206  0.206  0.206]
 [ 1.693 11.919 12.288  0.206  1.692 11.673  4.519  1.957 34.984 43.225 45.594  0.206  0.206  0.206  0.206]
 [11.102  0.206  1.595 24.972  5.748  7.6    7.397 61.007 28.823 51.362 17.498  0.206  0.206  0.206  0.206]]
